1
1
1
1
1
1
1
2
2
3
3
3
3
3
4
4
4
5
5
6
6
6
6
6
7
7
7
7
7
7
7
7
8
8
8
8
9
9
9
9
9
9
9
9
10
11
11
11
11
11
11
11
11
12
12
12
12
12
12
12
13
13
13
13
13
13
13
13
13
13
13
14
14
14
14
14
14
14
15
15
15
15
15
15
15
16
16
16
16
16
16
16
16
16
16
16
16
16
16
16
16
16
16
16
16
16
16
16
16
17
17
17
17
18
18
19
19
19
19
19
19
19
20
20
20
20
20
20
20
20
20
20
20
20
20
20
21
21
21
21
21
22
22
22
22
22
22
22
23
23
23
23
24
24
24
25
25
25
27
28
30
30
30
30
31
31
32
32
32
32
32
33
33
35
35
36
40
40
40
40
40
40
40
40
41
41
41
41
42
42
43
44
44
44
44
44
45
45
46
46
46
46
46
46
47
48
48
48
49
49
49
50
50
50
50
51
51
51
51
51
53
54
54
55
57
58
58
58
58
58
58
58
58
58
58
58
58
61
62
62
62
62
62
62
62
62
65
65
66
67
67
68
68
68
70
70
71
71
71
71
72
72
72
73
73
75
82
82
82
82
82
83
85
85
85
86
86
86
86
86
86
86
89
90
95
96
96
101
101
101
101
102
102
111
113
116
121
121
121
121
126
126
146
146
147
147
147
147
147
147
147
147
150
150
151
151
152
153
153
157
157
157
157
157
157
157
160
160
160
160
160
160
161
161
161
161
161
161
161
161
163
163
163
163
163
163
165
165
165
165
165
165
165
167
172
174
175
176
176
177
178
180
181
182
202
203
203
203
203
203
203
203
204
205
219
219
223
223
230
246
246
247
247
247
247
248
248
250
259
262
262
262
262
263
264
264
264
264
264
265
265
265
265
268
269
269
269
269
270
277
277
277
277
277
277
277
277
277
277
277
277
277
277
277
279
284
285
285
285
285
287
288
288
289
289
289
289
291
292
292
292
292
292
292
292
292
292
292
293
295
295
295
295
295
296
296
297
298
298
298
298
298
299
299
299
299
299
299
299
299
300
300
302
303
304
309
312
313
313
315
317
320
320
320
320
322
323
324
324
325
326
326
326
326
326
326
330
333
336
336
339
339
339
339
344
351
358
358
358
358
358
358
358
359
359
362
362
362
363
365
365
365
365
365
365
372
373
378
378
380
380
380
381
381
381
381
381
381
381
381
381
381
381
381
389
389
390
390
390
390
390
390
390
390
390
390
390
390
390
390
390
390
392
392
397
397
410
413
414
415
418
418
418
418
418
418
418
418
418
418
421
425
425
425
425
425
425
425
425
425
427
429
429
429
430
431
431
431
431
431
431
431
433
441
441
441
443
443
445
452
454
457
457
467
497
499
501
501
501
504
505
505
505
505
505
505
508
513
519
522
528
528
528
528
529
530
552
552
552
553
555
555
555
555
555
555
555
555
555
556
556
556
556
556
556
556
556
556
558
560
560
560
566
566
566
570
570
570
571
571
571
571
571
572
576
577
579
579
579
582
582
583
583
584
584
584
584
584
584
584
584
584
584
584
584
584
584
584
584
584
584
585
585
585
585
585
585
585
585
585
585
585
585
585
585
585
585
585
585
585
585
585
585
585
585
585
585
588
588
588
589
589
594
595
597
597
597
597
597
597
597
597
597
597
597
597
601
601
601
604
604
605
605
608
608
608
609
609
609
612
613
613
613
616
617
617
617
617
617
617
617
617
617
617
617
617
617
617
617
617
617
617
617
617
617
617
617
617
617
617
617
617
617
617
617
617
617
617
617
620
621
621
621
621
621
621
621
621
625
625
625
625
625
625
625
625
625
625
625
625
628
629
629
629
629
629
629
629
629
629
629
629
629
629
629
632
632
633
633
633
633
633
633
633
633
633
633
633
633
633
634
634
634
634
635
636
636
636
637
637
637
637
638
638
638
640
641
642
642
643
644
644
644
644
644
644
644
644
644
645
645
646
646
646
646
646
646
646
646
646
646
646
646
646
646
646
648
648
648
648
648
648
648
648
648
651
651
652
652
652
652
652
652
653
653
653
653
653
653
653
653
654
654
655
660
661
661
665
667
670
671
673
674
675
676
677
677
684
685
685
697
703
707
707
709
713
713
713
713
713
715
715
715
716
716
716
716
717
718
718
720
720
720
722
728
730
736
736
736
738
738
738
740
740
740
740
740
740
740
740
740
740
740
751
756
766
767
769
772
783
787
790
815
816
817
830
836
836
836
836
839
839
839
839
844
859
859
864
869
869
871
872
874
875
875
875
875
875
875
875
875
875
877
877
878
889
960
961
962
962
962
962
964
964
964
964
965
965
967
971
971
972
972
972
973
981
981
981
981
981
982
982
982
982
983
984
984
985
987
989
989
989
990
990
991
992
993
993
993
999
1001
1001
1002
1002
1002
1003
1003
1003
1003
1003
1003
1003
1003
1003
1003
1003
1003
1003
1003
1003
1003
1003
1003
1003
1003
1004
1004
1004
1004
1004
1004
1004
1004
1004
1004
1004
1004
1005
1005
1005
1005
1006
1006
1006
1009
1013
1013
1014
1016
1016
1016
1016
1016
1017
1017
1017
1018
1020
1021
1022
1022
1024
1025
1027
1027
1028
1028
1029
1034
1035
1035
1035
1035
1035
1035
1035
1035
1036
1036
1037
1038
1038
1038
1038
1039
1040
1041
1043
1044
1044
1044
1047
1049
1049
1053
1053
1056
1056
1056
1056
1057
1057
1057
1057
1059
1059
1059
1059
1059
1059
1059
1059
1059
1059
1059
1059
1059
1059
1059
1059
1059
1059
1059
1059
1059
1059
1059
1059
1059
1059
1059
1059
1059
1059
1059
1059
1059
1059
1059
1059
1059
1059
1059
1059
1059
1059
1059
1059
1059
1059
1059
1059
1059
1059
1059
1059
1059
1059
1059
1059
1059
1059
1059
1059
1059
1059
1059
1059
1059
1059
1059
1059
1059
1059
1059
1059
1059
1060
1060
1060
1060
1060
1060
1060
1060
1060
1060
1060
1060
1060
1060
1060
1060
1060
1060
1060
1061
1061
1061
1061
1061
1061
1061
1061
1061
1061
1061
1061
1061
1073
1073
1083
1084
1084
1085
1086
1087
1089
1090
1091
1093
1093
1094
1094
1095
1095
1096
1097
1097
1097
1097
1099
1099
1099
1099
1099
1099
1099
1099
1100
1101
1101
1103
1109
1113
1114
1114
1114
1115
1115
1116
1116
1116
1116
1116
1116
1116
1116
1116
1116
1116
1116
1116
1116
1117
1117
1117
1118
1118
1118
1118
1118
1121
1121
1121
1121
1121
1121
1121
1121
1121
1121
1122
1122
1122
1122
1122
1122
1122
1122
1122
1122
1122
1122
1124
1125
1126
1131
1131
1131
1135
1135
1135
1135
1136
1136
1136
1136
1136
1136
1136
1136
1136
1136
1136
1136
1136
1136
1136
1136
1136
1136
1136
1136
1136
1136
1136
1136
1136
1136
1137
1139
1141
1141
1151
1152
1153
1154
1156
1156
1156
1156
1156
1156
1156
1156
1156
1157
1157
1157
1157
1157
1157
1159
1160
1160
1160
1160
1160
1161
1161
1162
1162
1162
1162
1162
1162
1162
1162
1162
1164
1170
1175
1175
1175
1177
1186
1192
1193
1194
1195
1197
1205
1210
1211
1212
1213
1213
1214
1215
1215
1216
1217
1217
1219
1229
1229
1229
1229
1230
1230
1230
1230
1231
1231
1231
1233
1233
1233
1233
1233
1233
1233
1233
1233
1233
1234
1235
1236
1236
1236
1236
1236
1236
1242
1243
1256
1258
1268
1268
1268
1278
1278
1278
1280
1280
1281
1281
1282
1282
1282
1282
1283
1283
1284
1285
1291
1291
1292
1292
1294
1294
1294
1296
1300
1300
1302
1303
1305
1306
1306
1306
1306
1306
1306
1306
1306
1307
1307
1315
1316
1320
1325
1325
1325
1325
1325
1325
1325
1326
1326
1326
1326
1326
1326
1326
1326
1327
1327
1327
1327
1327
1327
1327
1327
1327
1328
1328
1329
1330
1331
1331
1332
1333
1333
1335
1335
1337
1338
1338
1339
1339
1339
1340
1340
1340
1340
1340
1341
1341
1341
1341
1341
1341
1342
1342
1342
1342
1343
1343
1343
1343
1343
1343
1343
1343
1343
1343
1343
1343
1344
1344
1344
1344
1345
1345
1345
1345
1345
1345
1346
1346
1346
1346
1346
1347
1347
1347
1347
1348
1348
1348
1348
1348
1348
1348
1348
1348
1349
1349
1349
1349
1349
1349
1350
1351
1354
1354
1356
1359
1359
1361
1362
1364
1366
1366
1366
1366
1367
1367
1367
1367
1367
1367
1367
1385
1389
1397
1401
1401
1401
1405
1411
1414
1416
1416
1416
1417
1417
1418
1424
1424
1424
1426
1437
1437
1439
1443
1444
1446
1446
1448
1448
1448
1451
1451
1460
1460
1460
1462
1463
1472
1478
1478
1480
1482
1482
1486
1486
1486
1486
1488
1495
1498
1498
1500
1515
1517
1520
1522
1534
1535
1536
1536
1538
1548
1548
1548
1548
1554
1554
1555
1555
1578
1582
1582
1595
1596
1596
