1
2
3
4
5
6
7
8
9
10
11
12
13
14
15
16
17
18
19
20
21
22
23
24
25
27
28
30
31
32
33
35
36
40
41
42
43
44
45
46
47
48
49
50
51
53
54
55
57
58
61
62
65
66
67
68
70
71
72
73
75
82
83
85
86
89
90
95
96
101
102
111
113
116
121
126
146
147
150
151
152
153
157
160
161
163
165
167
172
174
175
176
177
178
180
181
182
202
203
204
205
219
223
230
246
247
248
250
259
262
263
264
265
268
269
270
277
279
284
285
287
288
289
291
292
293
295
296
297
298
299
300
302
303
304
309
312
313
315
317
320
322
323
324
325
326
330
333
336
339
344
351
358
359
362
363
365
372
373
378
380
381
389
390
392
397
410
413
414
415
418
421
425
427
429
430
431
433
441
443
445
452
454
457
467
497
499
501
504
505
508
513
519
522
528
529
530
552
553
555
556
558
560
566
570
571
572
576
577
579
582
583
584
585
588
589
594
595
597
601
604
605
608
609
612
613
616
617
620
621
625
628
629
632
633
634
635
636
637
638
640
641
642
643
644
645
646
648
651
652
653
654
655
660
661
665
667
670
671
673
674
675
676
677
684
685
697
703
707
709
713
715
716
717
718
720
722
728
730
736
738
740
751
756
766
767
769
772
783
787
790
815
816
817
830
836
839
844
859
864
869
871
872
874
875
877
878
889
960
961
962
964
965
967
971
972
973
981
982
983
984
985
987
989
990
991
992
993
999
1001
1002
1003
1004
1005
1006
1009
1013
1014
1016
1017
1018
1020
1021
1022
1024
1025
1027
1028
1029
1034
1035
1036
1037
1038
1039
1040
1041
1043
1044
1047
1049
1053
1056
1057
1059
1060
1061
1073
1083
1084
1085
1086
1087
1089
1090
1091
1093
1094
1095
1096
1097
1099
1100
1101
1103
1109
1113
1114
1115
1116
1117
1118
1121
1122
1124
1125
1126
1131
1135
1136
1137
1139
1141
1151
1152
1153
1154
1156
1157
1159
1160
1161
1162
1164
1170
1175
1177
1186
1192
1193
1194
1195
1197
1205
1210
1211
1212
1213
1214
1215
1216
1217
1219
1229
1230
1231
1233
1234
1235
1236
1242
1243
1256
1258
1268
1278
1280
1281
1282
1283
1284
1285
1291
1292
1294
1296
1300
1302
1303
1305
1306
1307
1315
1316
1320
1325
1326
1327
1328
1329
1330
1331
1332
1333
1335
1337
1338
1339
1340
1341
1342
1343
1344
1345
1346
1347
1348
1349
1350
1351
1354
1356
1359
1361
1362
1364
1366
1367
1385
1389
1397
1401
1405
1411
1414
1416
1417
1418
1424
1426
1437
1439
1443
1444
1446
1448
1451
1460
1462
1463
1472
1478
1480
1482
1486
1488
1495
1498
1500
1515
1517
1520
1522
1534
1535
1536
1538
1548
1554
1555
1578
1582
1595
1596
